0     1.0000
1     2.7183
2     7.3891
3    20.0855
4    54.5982
5   148.4132
6   403.4288
7  1096.6332
8  2980.9580
9  8103.0839
10 22026.4658
11 59874.1417
12 162754.7914
13 442413.3920
14 1202604.2842
15 3269017.3725
16 8886110.5205
17 24154952.7536
18 65659969.1373
19 178482300.9632
20 485165195.4098
21 1318815734.4832
22 3584912846.1316
23 9744803446.2489
24 26489122129.8435
25 72004899337.3859
26 195729609428.8388
27 532048240601.7986
28 1446257064291.4751
29 3931334297144.0420
30 10686474581524.4629
31 29048849665247.4258
32 78962960182680.6875
33 214643579785916.0625
34 583461742527454.8750
35 1586013452313430.7500
36 4311231547115195.0000
37 11719142372802612.0000
38 31855931757113756.0000
39 86593400423993744.0000
40 235385266837020000.0000
41 639843493530054912.0000
42 1739274941520500992.0000
43 4727839468229346304.0000
44 12851600114359308288.0000
45 34934271057485094912.0000
46 94961194206024482816.0000
47 258131288619006754816.0000
48 701673591209763143680.0000
49 1907346572495099789312.0000
50 5184705528587072045056.0000
51 14093490824269388578816.0000
52 38310080007165769154560.0000
53 104137594330290885492736.0000
54 283075330327469394755584.0000
55 769478526514201752502272.0000
56 2091659496012996103110656.0000
57 5685719999335932014624768.0000
58 15455389355901039182610432.0000
59 42012104037905144311971840.0000
60 114200738981568423454048256.0000
61 310429793570191987473121280.0000
62 843835666874145383188004864.0000
63 2293783159469609954760982528.0000
64 6235149080811616743911849984.0000
65 16948892444103337803358666752.0000
66 46071866343312917806440251392.0000
67 125236317084221369326178926592.0000
68 340427604993174075826736463872.0000
69 925378172558778718688878002176.0000
70 2515438670919166879789330989056.0000
71 6837671229762744147024034136064.0000
72 18586717452841278870244552605696.0000
73 50523936302761039454341181734912.0000
74 137338297954017610774568497053696.0000
75 373324199679900148487366050316288.0000
76 1014800388113888746146344200044544.0000
77 2758513454523170321189676423053312.0000
78 7498416996990120907011471506931712.0000
79 20382810665126688239604997451415552.0000
80 55406223843935098344518031635382272.0000
81 150609731458503061892247354869809152.0000
82 409399696212745451138432050426544128.0000
83 1112863754791759440048804931959783424.0000
84 3025077322201142562234189425024172032.0000
85 8223012714622913101995625382930284544.0000
86 22352466037347149741613836874748526592.0000
87 60760302250568719065170691650937159680.0000
88 165163625499400180986996598802797821952.0000
89 448961281917434554974692932659542228992.0000
90 1220403294317840834182894301529193316352.0000
91 3317400098335742831698770026249043574784.0000
92 9017628405034298519450202280083092144128.0000
93 24512455429200859664974848534887274643456.0000
94 66631762164108961850036830684054242197504.0000
95 181123908288902334832971246827918212464640.0000
96 492345828601205826105651076171577906167808.0000
97 1338334719204269538704786735170027538874368.0000
98 3637970947608804749879905722463248516644864.0000
99 9889030319346946255261957393444250518028288.0000
